image_width: 640
image_height: 480
camera_name: narrow_stereo
camera_matrix:
  rows: 3
  cols: 3
  data: [639.677463, 0.000000, 340.750849, 0.000000, 643.724787, 231.232590, 0.000000, 0.000000, 1.000000]
distortion_model: plumb_bob
distortion_coefficients:
  rows: 1
  cols: 5
  data: [0.129246, -0.268229, 0.002960, -0.001658, 0.000000]
rectification_matrix:
  rows: 3
  cols: 3
  data: [1.000000, 0.000000, 0.000000, 0.000000, 1.000000, 0.000000, 0.000000, 0.000000, 1.000000]
projection_matrix:
  rows: 3
  cols: 4
  data: [650.180054, 0.000000, 340.116910, 0.000000, 0.000000, 654.360901, 232.193331, 0.000000, 0.000000, 0.000000, 1.000000, 0.000000]
